0
0
0
0.51421478831489
0.747475201071727
0.770620799721621
0.881085381598113
0.686591324002081
0.29126907784066
0.665876206635398
1
0.66593961834843
0.985689776326209
0.540470932203871
0.66052793103504
0.999999999999999
0.487970075545014
0.105572809000085
1
0.728067211071439
0.401783956016582
0.650057942145042
0.53033034478961
1
0.533591044344197
0.189255653030177
1
0.696473957907386
0.916453819662649
1
1
0.528595479208968
0.388369821351125
1
0.987795267494079
0.572718840350473
0.292612775435062
0.674497605671454
0.988952579145499
0.626664672562829
0.215579996880393
0.582526006887521
1
0.71716699743563
0.298348913235814
0.106361312863495
1
1
0.509124266805864
0.14659662143491
0.863200370836499
0.403623256927519
0.449617367519754
0.535118361399301
0.875328271068314
0.996771908732357
0.485380630318448
0.372323688547888
0.517115050982453
0.433030504402737
0.445261199982029
1
0.971867462090363
0.711846342451186
0.521209509788844
1
0.746764051103813
0.793126638231701
0.635065784861933
0.624744711521771
0.548437412890969
0.886932747867076
0.86891694666177
0.572846002161443
0.951369880953528
0.751764289500177
0.442726139518997
0.383709218835976
0.415453778321631
0.529224994814425
0.983805223250793
1
0.731807676726391
0.465286393587306
0.916558242281194
0.623361724543944
0.311902784425549
0.446163804936664
0.949681100975729
0.697131589996286
0.955537177399625
0.500581518379142
0.276399002212702
0.999805740111821
0.67914802722541
0.368025835703119
1
0.798319554966073
0.328742985753874
0.77611031066037
0.644711485315758
0.881968100936855
0.678126851925164
0.42190481488422
0.884368505865026
0.837191810708323
0.282609823813919
0.463460029996285
0.63292585287012
0.863201378540076
0.999667657330694
0.45293576619694
0.196030241652156
0.967923547252813
0.72745990494545
0.642534832584895
0.979583690783445
0.732874836714421
0.259664946602368
0.917145211851465
0.819495728983447
0.816374638130166
0.441508513836847
0.657237864420115
0.97512614704009
0.596146314744767
0.331117846478104
1
0.651236286399186
0.490283877389779
0.243366385628913
0.624702845346501
0.368382177430926
0.452608198175221
0.956689390394518
0.537445254074332
1
0.684316657753665
0.257040778420317
0.538289326546628
0.880844140138775
0.943588700414042
0.999999999999999
0.726451998814174
0.358507261577539
1
0.588432318998988
0.682574052849024
0.825433556425561
0.620376790282502
0.294015046795192
0.886147660112909
0.983380432803078
0.655502137980676
0.697017856378753
0.333549200771544
0.837897811939972
0.492896195826815
0.563117032425655
0.903139990821418
0.51143736574368
0.366273378982922
0.361657335335133
0.584439739708758
0.769857008362883
0.388741870695917
0.692303602988638
0.784790813141581
0.476944920902092
0.49631551956849
0.804375769537807
0.537017441034884
0.970961489541584
0.366924723942583
0.239799590835051
0.756620146470819
0.887784006061611
0.381672591265781
0.420953521821697
0.42503053698659
0.388633223176358
0.436887050302198
0.349981552892997
0.994400295746935
0.990248251074182
0.67796609015193
0.310370902829703
0.580011215385781
1
0.948441588589455
0.558730936082252
0.733101754746196
0.750817261028896
0.602290249470792
0.767849056816499
0.441272830756349
0.999999999999999
0.716328872561158
0.399844714935432
0.441594077598821
0.535345522176916
0.690085356582949
0.454432209116482
0.268440051635944
0.642502992370857
0.546120511463914
0.538459436596234
1
0.557862909744343
0.48691089412077
0.740244259868568
0.422283342614105
0.560845402227028
0.991085547699898
0.551425849844667
0.160729170435496
0.994573849861265
0.670179901349593
0.803555155481831
0.509340392605568
0.404580180333785
0.999804006580276
0.808236793376135
1
0.57050673642278
0.270491431022092
0.605759002814686
0.999985033780063
0.558222191329355
1
0.726151906915787
0.328150154254686
0.409744543155233
0.734288815402451
0.994801030296276
0.409408879394068
0.416486433375792
0.606076873695324
1
0.873927609249566
0.527399187979286
0.205785532399081
1
0.996954629237512
0.869464492876415
0.640991899771919
0.445258643926656
0.937745747285971
0.487795185197899
0.29558286950166
0.475541945902809
0.378779021273906
0.489173422556926
0.357637454033145
0.355442309039963
0.52582810990998
0.656367973175828
0.486603566701881
0.817194030802955
1
0.800636667667709
0.342785615966553
0.269627127952725
0.378005173798782
0.115998349927047
0.470961222555455
0.621462386111498
0.397210755606142
0.334241344724288
0.471884140290594
0.584718475876175
0.962526386559576
0.549299584003932
0.978170265876952
0.82629157897889
0.742175328416298
0.550025077099924
1
0.586323312337253
0.427000449119219
0.654881982146239
0.348825144447961
0.432017956065034
0.983054467835706
0.808558328252548
0.944814984999208
0.675907007072765
0.334763328624228
0.340197934275553
0.425768436020487
0.547496406252408
0.587170358008691
0.370062711337383
0.336197132151737
0.99998364795912
0.61618915137322
0.851849253973457
0.555627416265426
0.118465021779311
0.688064199812476
0.715535094832804
0.359892632563722
0.709172491007697
0.402393528451148
0.737613756766621
0.47401720962975
0.362647328357891
0.525856716585988
0.691312735178279
0.774092171658112
0.431374161716007
0.402053289665683
0.507311098895856
0.489866612745953
0.963669176368048
0.540713162128132
0.505394647971846
0.705726269204572
0.598890649623434
0.66827227261942
0.782761876038089
0.698873287859331
0.4987628231897
0.239884920457355
0.515239292173593
0.672263981006322
0.429068618355322
0.335400469821019
0.775205471810256
0.733618343430385
0.317177218112272
0.559893308794754
0.717540902756982
0.90593300999219
0.856413124064658
0.837939646986362
0.546573390540289
0.190104877101415
0.985158189729666
0.757400507187945
0.377677004117682
0.598235763587685
0.7067351664206
0.659392997272397
0.397350065596218
1
0.977571170759072
0.578595479826939
0.384663421344705
0.623080894219269
0.939500337683017
0.552480684374868
0.505534231526266
0.788376949231129
0.608119038805588
0.416677513259491
0.999363639844576
0.589248687814646
0.20307295334406
0.864540944280963
0.734632849343969
0.468861048413049
0.372444108808034
0.701351331567417
0.693933068607325
0.503674750109667
0.615772254173487
0.688271511955104
0.54627643093947
0.997561131169423
0.977647893229977
0.44236563859661
0.996423785866045
0.980932953835734
0.791851698549485
0.395572153163872
0.147153497585019
0.999996636713667
0.995513482386319
0.653470893787863
0.251827632820185
0.315377508056504
0.75736962401084
0.810920259933404
0.48766870724304
0.572197629735422
1
0.943487514575443
0.550540515181046
0.596854392236635
0.559255746027874
0.390561563535293
0.958583548807721
0.604007136706427
0.446398180370344
0.936128169776575
0.611259860806858
1
0.521757506151134
0.105572809000084
1
1
1
0.512644704419019
0.31651737862174
0.798497466593647
1
0.532117101495819
0.442647470502173
1
0.876858942372036
0.58111604126348
0.221914947341061
0.405908116330646
0.986118812134951
0.822455780472256
0.554447089591397
0.489690519456379
0.709117938871834
0.590856407675002
0.39230813799031
0.808333606957282
1
0.634557481651003
0.387383786231082
0.350373154202249
0.452560487954216
0.528723178803929
0.989587052866315
0.475864876876278
0.677211183887504
0.594665963217075
0.516322764640052
0.806547431249777
0.77824909361602
0.979227084476191
0.502840825253714
0.189955098646083
1
0.999999999999999
1
1
0.422649730810374
1
1
0.795538447529039
1
0.542661030720007
1
0.634277120227315
1
1
0.711324865405187
0.646446609406726
1
0.999979582370817
0.423053967535783
0.805974983590294
0.655770220264904
0.279867745709316
0.98949951034743
1
0.542441847698121
0.259439073174975
0.539252079061135
0.960360147708118
0.504876791099927
0.924649494929772
0.576708894823658
0.265906472942067
0.354512161095937
0.552092246293268
0.85398844234219
0.746823524968771
0.751330287699045
0.590598057899784
0.804145143953929
0.993850669458063
0.987577667279051
0.974929011268856
0.476910825467449
0.148245905459086
0.755570878518314
0.771010828841797
0.922067447858463
0.563017024451022
0.185427790741941
0.917311663143276
0.615027179727665
0.988833342428609
0.999785054312025
1
0.422736977495912
1
1
1
0.647655242792084
0.445276042674975
0.845826232324968
0.439778091305464
0.323704004516655
0.991217605667551
0.995488136384094
0.685881206620586
0.994822612302935
0.776550904439199
0.497289664933953
0.382694968497666
0.808183174446656
0.718089730280266
0.631777700879153
0.372216866254886
0.913456741952988
0.511663647448446
0.145877926977697
0.693126348209195
0.996770666031781
0.953682574510871
0.408502336326254
0.101172869270318
0.99550549262391
0.620008732737837
0.799471710996143
0.588336624284446
0.703930744259767
0.71656019523575
0.572675547360593
0.486561558226589
0.583089138157354
0.565640800176711
0.571327755819544
0.43745576062318
0.521981923250046
0.615070120225399
0.529388272653337
0.970646073324979
0.656373316402065
0.236003261981941
0.841578440124533
0.785171382024911
0.992665009593305
0.728349442682471
0.976452919325472
0.646107470018691
0.819044244977549
0.785015265218722
0.942544201131104
0.494785699204791
0.913323049180236
0.776580785464832
0.930316025768601
0.582833695689663
0.888497716102916
0.481229053023426
0.115252235194776
0.999884617200899
0.683927371496087
0.628335306147928
0.593784775420891
0.477230774135631
0.733261506167745
0.438686427641487
0.613470341716462
0.846545642743103
0.50189193017705
0.39296398429738
0.665123879894393
0.568464024706702
0.500839634594107
1
0.546286068923127
0.98652508114654
0.690843576639029
0.300697029535193
0.526032445859816
0.992982763686158
0.718323076153662
0.519733676075994
0.984457871904195
0.620117919635587
0.444508652049486
1
0.636950683916725
0.466338858075289
0.558986043328331
0.768735682144362
0.53203431582144
1
0.589325614325504
0.999995993775802
0.678260609734062
0.447083739313632
0.738482259512765
0.521087483128243
1
0.999786744711836
1
1
0.540437831783753
0.999569222093963
0.656724035817454
0.446584057564757
0.521318582713773
0.741915266623379
0.335624713781559
1
1
1
1
0.69610384637665
0.338307897789787
0.526453770712327
1
0.483167503285671
0.53156108209209
0.989145495565797
0.519654716396469
0.252633828317766
