3	0.611126
4	0.597121
5	0.521394
6	0.578363
7	0.562991
8	0.540005
9	0.585283
10	0.580908
11	0.619189
12	0.549364
13	0.473834
14	0.708990
15	0.572068
16	0.430570
17	0.558416
18	0.716717
19	0.681098
20	0.427356
21	0.534818
22	0.659448
23	0.796235
24	0.588882
25	0.341215
26	0.667252
27	0.710929
28	0.647826
29	0.509052
30	0.553239
31	0.610689
32	0.591920
33	0.596092
34	0.575968
35	0.702863
36	0.441869
37	0.510371
38	0.667592
39	0.655329
40	0.458795
41	0.447716
42	0.637591
43	0.564090
44	0.637740
45	0.484229
46	0.696825
47	0.653774
48	0.534580
49	0.516140
50	0.567935
51	0.512437
52	0.452530
53	0.647085
54	0.625162
55	0.468211
56	0.442038
57	0.701918
58	0.575138
59	0.445904
60	0.671602
61	0.683797
62	0.506542
63	0.612407
64	0.669829
65	0.577880
66	0.576208
67	0.623125
68	0.609051
69	0.606000
70	0.479975
71	0.709232
72	0.561644
73	0.533052
74	0.637686
75	0.588769
76	0.461397
77	0.371399
78	0.380055
79	0.549084
80	0.772090
81	0.654600
82	0.517813
83	0.543792
84	0.727020
85	0.604340
86	0.313594
87	0.461106
88	0.878025
89	0.560392
90	0.477632
91	0.534878
92	0.542140
93	0.539021
94	0.522818
95	0.564562
96	0.587043
97	0.755031
98	0.524641
99	0.378626
100	0.602526
101	0.635573
102	0.433459
103	0.351515
104	0.629816
105	0.636436
106	0.412503
107	0.512485
108	0.687923
109	0.517365
110	0.721741
111	0.495523
112	0.407818
113	0.664129
114	0.648338
115	0.756306
116	0.637595
117	0.534093
118	0.447615
119	0.518531
120	0.539373
121	0.494032
122	0.410581
123	0.517039
124	0.745227
125	0.552950
126	0.485399
127	0.515468
128	0.569931
129	0.547887
130	0.408983
131	0.537222
132	0.595877
133	0.614401
134	0.419957
135	0.668798
136	0.678218
137	0.624590
138	0.549281
139	0.575966
140	0.515883
141	0.504150
142	0.523650
143	0.533705
144	0.573786
145	0.706715
146	0.548905
147	0.523289
148	0.645400
149	0.582017
150	0.498857
151	0.647340
152	0.482481
153	0.508837
154	0.634529
155	0.550717
156	0.617476
157	0.445762
158	0.414569
159	0.664286
160	0.544915
161	0.514235
162	0.533407
163	0.541052
164	0.565694
165	0.586855
166	0.495218
167	0.529837
168	0.677486
169	0.547113
170	0.574798
171	0.602626
172	0.415439
173	0.482692
174	0.497259
175	0.594554
176	0.532649
177	0.394119
178	0.452250
179	0.498483
180	0.444939
181	0.417522
182	0.397975
183	0.626842
184	0.640285
185	0.532302
186	0.504551
187	0.539112
188	0.568504
189	0.644730
190	0.606620
191	0.589860
192	0.669863
193	0.505799
194	0.506386
195	0.602288
196	0.597307
197	0.609595
198	0.446432
199	0.418792
200	0.616396
201	0.691712
202	0.442820
203	0.357498
204	0.655104
205	0.533658
206	0.570869
207	0.618299
208	0.620490
209	0.499697
210	0.460477
211	0.685222
212	0.516739
213	0.857211
214	0.580986
215	0.324803
216	0.679783
217	0.605192
218	0.582268
219	0.525130
220	0.515033
221	0.698785
222	0.679032
223	0.577777
224	0.417073
225	0.544288
226	0.705162
227	0.525552
228	0.601866
229	0.723823
230	0.571477
231	0.334477
232	0.671383
233	0.580972
234	0.437965
235	0.526218
236	0.599421
237	0.759385
238	0.568888
239	0.578612
240	0.690325
241	0.649361
242	0.578536
243	0.461899
244	0.619271
245	0.663992
246	0.722426
247	0.742601
248	0.485278
249	0.379123
250	0.640636
251	0.393029
252	0.535579
253	0.456458
254	0.353193
255	0.562798
256	0.656566
257	0.470320
258	0.608095
259	0.672089
260	0.550659
261	0.532514
262	0.480205
263	0.576685
264	0.519545
265	0.508678
266	0.603716
267	0.412344
268	0.344712
269	0.461289
270	0.592954
271	0.592842
272	0.398466
273	0.596545
274	0.573201
275	0.678603
276	0.454324
277	0.689295
278	0.676053
279	0.493181
280	0.641553
281	0.477968
282	0.514287
283	0.583827
284	0.604729
285	0.728873
286	0.573246
287	0.447667
288	0.443571
289	0.479240
290	0.536956
291	0.497250
292	0.443024
293	0.388960
294	0.459081
295	0.572337
296	0.768340
297	0.530538
298	0.221737
299	0.626626
300	0.675576
301	0.424093
302	0.383282
303	0.491387
304	0.465597
305	0.481398
306	0.357675
307	0.535331
308	0.670031
309	0.592984
310	0.465153
311	0.361578
312	0.481983
313	0.491865
314	0.627125
315	0.430184
316	0.497408
317	0.661908
318	0.533600
319	0.477782
320	0.603040
321	0.652282
322	0.521155
323	0.315602
324	0.519318
325	0.616113
326	0.525201
327	0.406412
328	0.519690
329	0.618367
330	0.342609
331	0.408435
332	0.588196
333	0.634715
334	0.609697
335	0.505679
336	0.656639
337	0.564988
338	0.558150
339	0.559501
340	0.598883
341	0.492193
342	0.584072
343	0.621797
344	0.557051
345	0.640976
346	0.599641
347	0.488724
348	0.426771
349	0.447295
350	0.636027
351	0.639281
352	0.458664
353	0.607609
354	0.517334
355	0.550029
356	0.689183
357	0.550771
358	0.474928
359	0.526097
360	0.558683
361	0.658045
362	0.416294
363	0.434183
364	0.629280
365	0.540956
366	0.535168
367	0.493281
368	0.685258
369	0.662624
370	0.566929
371	0.465453
372	0.352323
373	0.635231
374	0.602836
375	0.563438
376	0.484511
377	0.617353
378	0.670088
379	0.698702
380	0.414084
381	0.322489
382	0.802011
383	0.609089
384	0.531328
385	0.461336
386	0.571207
387	0.636560
388	0.620553
389	0.646345
390	0.522396
391	0.473398
392	0.567426
393	0.464332
394	0.603158
395	0.662808
396	0.464377
397	0.626358
398	0.568003
399	0.470160
400	0.746909
401	0.677454
402	0.596049
403	0.654234
404	0.447588
405	0.568478
406	0.636403
407	0.440413
408	0.480209
409	0.597121
410	0.631861
411	0.610667
412	0.335316
413	0.408677
414	0.766741
415	0.606740
416	0.527989
417	0.508617
418	0.533941
419	0.490749
420	0.596548
421	0.585583
422	0.682205
423	0.723716
424	0.495284
425	0.346926
426	0.428519
427	0.580541
428	0.658686
429	0.504268
430	0.472092
431	0.610686
432	0.576806
433	0.597637
434	0.572096
435	0.557597
436	0.590090
437	0.481970
438	0.446835
439	0.572797
440	0.603825
441	0.593206
442	0.582898
443	0.637876
444	0.686674
445	0.561734
446	0.680368
447	0.501434
448	0.447742
449	0.590046
450	0.618934
451	0.534063
452	0.793041
453	0.645032
454	0.551835
455	0.649537
456	0.351006
457	0.535091
458	0.709503
459	0.467934
460	0.675659
461	0.635993
462	0.584033
463	0.422758
464	0.533124
465	0.656637
466	0.334124
467	0.706858
468	0.605148
469	0.339962
470	0.369708
471	0.530999
472	0.569805
473	0.646576
474	0.518167
475	0.467050
476	0.809486
477	0.576443
478	0.364563
479	0.716163
480	0.566789
481	0.350108
482	0.535465
483	0.699557
484	0.731252
485	0.511728
486	0.484143
487	0.529618
488	0.532184
489	0.732377
490	0.657269
491	0.508681
492	0.548648
493	0.619941
494	0.493240
495	0.580905
496	0.456012
497	0.368163
498	0.635660
499	0.387675
500	0.359093
501	0.658080
502	0.504505
503	0.406925
504	0.548916
505	0.577276
506	0.581377
507	0.479201
508	0.372270
509	0.572071
510	0.588389
511	0.438020
512	0.688413
513	0.528464
514	0.236316
515	0.633269
516	0.658402
517	0.557551
518	0.503440
519	0.481044
520	0.602065
521	0.589820
522	0.523011
523	0.471511
524	0.571414
525	0.610070
526	0.607773
527	0.519909
528	0.559359
529	0.590463
530	0.593533
531	0.430315
532	0.488459
533	0.655347
534	0.513357
535	0.562819
536	0.577797
537	0.464522
538	0.470343
539	0.585040
540	0.514869
541	0.496188
542	0.554592
543	0.517441
544	0.506829
545	0.537890
546	0.577509
547	0.528026
548	0.640294
549	0.607390
550	0.382647
551	0.504649
552	0.693725
553	0.508800
554	0.294303
555	0.698175
556	0.725730
557	0.566802
558	0.445516
559	0.462256
560	0.622817
561	0.497534
562	0.528820
563	0.597534
564	0.559784
565	0.472347
566	0.505964
567	0.611332
568	0.483122
569	0.515156
570	0.622752
571	0.535097
572	0.468854
573	0.496236
574	0.588948
575	0.656245
576	0.542819
577	0.514801
578	0.571981
579	0.555011
580	0.576695
581	0.559161
582	0.544943
583	0.503124
584	0.518355
585	0.655908
586	0.614828
587	0.495418
588	0.515575
589	0.614148
590	0.579001
591	0.519143
592	0.599181
593	0.602443
594	0.619885
595	0.507215
596	0.624853
597	0.556227
598	0.553394
599	0.727607
600	0.482937
601	0.640287
602	0.579531
603	0.507528
604	0.575779
605	0.592330
606	0.655369
607	0.659988
608	0.660004
609	0.644100
610	0.585899
611	0.529420
612	0.551292
613	0.579516
614	0.638050
615	0.642505
616	0.365844
617	0.475572
