3	0.800351
4	0.889524
5	0.625220
6	0.714332
7	0.574878
8	0.709156
9	0.556513
10	0.976325
11	0.623996
12	0.274279
13	0.532057
14	0.541810
15	0.533171
16	0.643472
17	0.398773
18	0.548868
19	0.563349
20	0.899114
21	0.685458
22	0.756906
23	0.551523
24	0.339486
25	0.489076
26	0.911988
27	0.557077
28	0.304809
29	0.767648
30	0.767335
31	0.713598
32	0.622963
33	0.492488
34	0.948112
35	0.816358
36	0.508785
37	0.716193
38	0.895635
39	0.475977
40	0.217421
41	0.777636
42	0.562468
43	0.334048
44	0.366776
45	0.740231
46	0.950939
47	0.821168
48	0.522701
49	0.260435
50	0.688718
51	0.996962
52	0.687984
53	0.311289
54	0.259651
55	0.552820
56	0.692876
57	0.759510
58	0.595122
59	0.918334
60	0.741930
61	0.286980
62	0.392547
63	0.934648
64	0.614700
65	0.307543
66	0.487995
67	0.676982
68	0.541445
69	0.452187
70	0.989227
71	0.587737
72	0.972290
73	0.664862
74	0.963033
75	0.982632
76	0.599377
77	0.307203
78	0.453402
79	0.547737
80	0.654282
81	0.500997
82	0.429048
83	0.506270
84	0.546154
85	0.567356
86	0.565404
87	0.954761
88	0.839177
89	0.469798
90	0.194650
91	0.979007
92	0.598197
93	0.622094
94	0.611215
95	0.608530
96	0.821650
97	0.588932
98	0.593048
99	0.583925
100	0.850882
101	0.706178
102	0.459792
103	0.307766
104	0.524480
105	0.507862
106	0.599608
107	0.999938
108	0.992656
109	0.490023
110	0.158517
111	1.000000
112	0.705484
113	0.479726
114	0.389307
115	0.548724
116	0.892554
117	0.890915
118	0.513848
119	0.200787
120	0.776617
121	0.741618
122	0.286081
123	0.458242
124	0.727793
125	0.760395
126	0.868929
127	0.514304
128	0.189852
129	0.897724
130	0.996112
131	0.447326
132	0.288624
133	0.999088
134	0.598426
135	0.267235
136	0.631764
137	0.593198
138	0.515327
139	0.876435
140	0.641061
141	0.551127
142	0.530678
143	0.558721
144	0.496446
145	0.336326
146	0.410246
147	0.987726
148	0.721010
149	0.442722
150	0.968463
151	0.550047
152	0.215857
153	0.980417
154	0.593518
155	0.994820
156	0.914492
157	0.578017
158	0.469690
159	0.991446
160	0.549053
161	0.194732
162	0.987376
163	0.704645
164	0.494058
165	0.542108
166	0.997280
167	0.535601
168	0.959125
169	0.571434
170	0.996464
171	0.743718
172	0.555207
173	0.436924
174	0.429754
175	0.650354
176	0.601372
177	0.385372
178	0.633217
179	0.596998
180	0.545625
181	0.868842
182	0.525340
183	0.469864
184	0.683811
185	0.412710
186	0.853813
187	0.807768
188	0.715870
189	0.360902
190	0.682547
191	0.476878
192	0.366453
193	0.926358
194	0.738392
195	0.407978
196	0.335088
197	0.503383
198	0.537144
199	0.454433
200	0.993995
201	0.648334
202	0.233522
203	0.520639
204	0.999132
205	0.567904
206	0.432384
207	0.972483
208	0.799655
209	0.863689
210	0.513479
211	0.999931
212	0.982970
213	0.531439
214	0.158412
215	0.666129
216	0.855482
217	0.439086
218	0.475447
219	0.928967
220	0.653786
221	0.471498
222	0.524254
223	0.352942
224	0.549401
225	0.698939
226	0.732925
227	0.586487
228	0.325283
229	0.596600
230	0.859619
231	0.607319
232	0.946098
233	0.643123
234	0.429789
235	0.548671
236	0.324762
237	0.968534
238	0.709938
239	0.521922
240	0.308221
241	0.455361
242	0.562197
243	0.660215
244	0.654687
245	0.517237
246	0.978424
247	0.809120
248	0.655752
249	0.279201
250	0.982798
251	0.928219
252	0.893469
253	0.399492
254	0.898796
255	0.639569
256	0.804224
257	0.575625
258	0.418873
259	0.573694
260	0.999042
261	0.807510
262	0.746254
263	0.408873
264	0.455648
265	0.414727
266	0.366075
267	0.202194
268	0.429164
269	0.819842
270	0.513009
271	0.414310
272	0.419205
273	0.347476
274	0.999931
275	0.580111
276	0.962620
277	0.863265
278	0.615596
279	0.339977
280	0.492649
281	0.984234
282	0.659526
283	0.284102
284	0.960952
285	0.572560
286	0.260946
287	0.978276
288	0.569766
289	0.839613
290	0.571730
291	0.390205
292	0.472113
293	0.630267
294	0.637902
295	0.374716
296	0.295338
297	0.871479
298	0.627024
299	0.449169
300	0.459045
301	0.607834
302	0.633322
303	0.620681
304	0.516098
305	0.825611
306	0.529953
307	0.958198
308	0.598661
309	0.304918
310	0.896719
311	0.790946
312	0.283863
313	0.385290
314	0.948476
315	0.539578
316	0.999016
317	0.995119
318	0.545555
319	0.178369
320	0.999731
321	0.613210
322	0.564440
323	0.950945
324	1.000000
325	0.561767
326	0.263809
327	0.543097
328	0.841247
329	0.717125
330	0.889010
331	0.964441
332	0.499184
333	0.241194
334	0.953481
335	0.687340
336	0.266041
337	0.863213
338	0.659811
339	0.587960
340	0.699483
341	0.441993
342	0.909737
343	0.765069
344	0.699902
345	0.354776
346	0.969842
347	0.794152
348	0.412021
349	0.769413
350	0.945219
351	0.552518
352	0.947031
353	0.551510
354	0.999490
355	0.985175
356	0.534186
357	0.325369
358	1.000000
359	0.999996
360	0.453333
361	0.147036
362	0.837621
363	0.696575
364	0.447158
365	0.945222
366	0.798682
367	0.507587
368	0.339262
369	0.488432
370	0.672043
371	1.000000
372	0.742570
373	0.586964
374	0.969197
375	0.511991
376	0.158491
377	0.999839
378	0.781299
379	0.355510
380	0.419495
381	0.596867
382	0.381431
383	0.999706
384	0.999615
385	0.426287
386	0.973456
387	0.997087
388	0.513857
389	0.440340
390	0.640774
391	0.700653
392	0.731828
393	0.643121
394	0.567809
395	0.476268
396	1.000000
397	0.647648
398	0.533902
399	0.576412
400	0.836945
401	0.669605
402	0.402775
403	0.460514
404	0.955667
405	0.914654
406	0.960250
407	0.504265
408	0.991003
409	0.587583
410	0.975946
411	0.713772
412	0.554755
413	0.709693
414	0.420118
415	0.529221
416	0.999999
417	0.799720
418	0.419953
419	0.994911
420	0.877225
421	0.463604
422	0.678771
423	0.623992
424	0.952106
425	0.835383
426	0.590254
427	0.501982
428	0.989297
429	0.646170
430	0.409324
431	0.841110
432	0.625691
433	0.426136
434	0.695561
435	0.855038
436	0.480134
437	0.366982
438	0.743631
439	0.606580
440	0.878116
441	0.668667
442	0.862010
443	0.999664
444	0.964642
445	0.650526
446	0.562277
447	0.621898
448	0.445229
449	0.962758
450	0.713959
451	0.519924
452	0.618484
453	1.000000
454	0.982652
455	0.559757
456	0.182381
457	0.618326
458	0.747095
459	0.447072
460	0.640077
461	0.950197
462	0.636966
463	0.335922
464	0.777842
465	0.637925
466	0.461749
467	1.000000
468	0.999870
469	0.544127
470	1.000000
471	0.603899
472	0.191700
473	1.000000
474	0.604963
475	0.666817
476	0.836930
477	0.618448
478	0.759733
479	0.805616
480	0.422548
481	0.574909
482	1.000000
483	0.826607
484	0.537092
485	0.663361
486	0.851093
487	0.642279
488	0.436512
489	0.545764
490	0.411210
491	0.324261
492	0.999615
493	0.609910
494	0.257020
495	0.985169
496	0.567255
497	0.174421
498	0.784097
499	0.556001
500	0.210281
501	0.599559
502	0.973671
503	0.878714
504	0.780820
505	0.433357
506	0.291712
507	0.913124
508	0.434699
509	0.163493
510	0.935957
511	0.815471
512	0.548045
513	0.307878
514	0.873416
515	0.648237
516	0.555715
517	0.596960
518	0.952325
519	0.517489
520	0.304906
521	0.854219
522	0.611137
523	0.653147
524	0.645766
525	0.990001
526	1.000000
527	0.824079
528	0.631488
529	1.000000
530	0.667890
531	0.190878
532	0.485475
533	0.997330
534	0.948122
535	0.529448
536	0.693421
537	0.999817
538	0.970970
539	0.881831
540	0.569865
541	0.291158
542	0.483560
543	0.976811
544	0.619098
545	0.986004
546	0.732251
547	0.433525
548	0.499884
549	0.487746
550	0.992176
551	0.757118
552	0.995071
553	1.000000
554	0.606914
555	0.252862
556	0.584830
557	0.463079
558	1.000000
559	0.631947
560	0.741099
561	0.999860
562	0.507655
563	0.236697
564	0.999986
565	0.658444
566	0.205621
567	0.997841
568	0.550678
569	0.329952
570	0.999950
571	0.634288
572	0.386985
573	0.895126
574	0.555947
575	0.187032
576	0.838039
577	0.643808
578	0.613161
579	0.374477
580	0.333741
581	0.976608
582	0.972489
583	0.526935
584	0.899542
585	0.602235
586	0.240397
587	0.525642
588	0.784343
589	0.819049
590	0.425436
591	0.224796
592	0.834739
593	0.905858
594	0.357045
595	0.811793
596	0.606305
597	0.414058
598	0.970679
599	0.723152
600	0.981224
601	0.595150
602	0.251349
603	0.555688
604	0.698524
605	0.623032
606	0.527263
607	0.543847
608	0.540781
609	0.642830
610	0.647151
611	0.554636
612	0.449429
