469	470	-14.250	9.550, 5.750, 0.000, 29.950, 11.750, 14.992, 3.000
557	584	0.200	7.656, 14.709, 0.000, 7.441, 1.167, 12.472, 2.333
76	78	21.800	65.622, 4.800, 0.000, 8.930, 1.800, 7.922, 0.000
537	545	2.455	12.197, 11.558, 0.273, 15.945, 1.182, 12.729, 2.727
267	270	5.500	27.535, 9.023, 0.000, 10.425, 0.000, 20.268, 0.000
495	503	3.455	12.422, 9.273, 0.000, 5.436, 1.636, 11.727, 0.545
330	331	4.750	23.758, 10.500, 4.500, 10.188, 2.250, 15.015, 0.000
251	254	16.667	52.470, 0.667, 0.000, 4.683, 0.000, 6.167, 1.000
412	413	-11.000	5.015, 9.402, 0.000, 23.275, 1.750, 17.000, 1.500
532	536	0.714	15.131, 19.376, 0.429, 11.057, 1.714, 27.409, 2.143
176	182	3.333	14.300, 4.220, 0.000, 7.156, 0.889, 7.111, 0.333
514	514	20.333	55.410, 5.983, 0.000, 4.517, 0.667, 5.750, 2.000
311	313	5.200	22.112, 3.400, 0.000, 6.260, 2.600, 6.474, 2.400
508	513	6.750	24.281, 12.156, 0.709, 6.287, 0.625, 12.911, 1.125
360	363	-1.500	9.568, 8.333, 0.000, 7.442, 2.000, 29.673, 0.500
415	419	0.286	5.506, 14.571, 0.000, 5.650, 0.571, 21.144, 1.143
526	530	-0.286	7.074, 27.429, 0.397, 5.821, 2.571, 31.266, 0.857
370	372	-0.600	5.904, 9.200, 0.600, 7.080, 3.600, 9.400, 1.800
320	322	16.000	47.766, 5.028, 0.000, 7.060, 1.200, 11.650, 1.200
197	199	7.800	25.862, 15.400, 0.000, 5.730, 0.600, 9.404, 0.600
292	294	2.200	9.180, 5.000, 0.600, 5.640, 0.400, 6.800, 1.600
304	306	10.000	26.428, 10.400, 0.000, 4.440, 0.000, 4.800, 0.000
323	323	19.000	61.943, 4.713, 0.000, 9.067, 0.000, 9.417, 2.000
85	87	9.200	26.412, 3.800, 0.000, 2.710, 0.000, 4.600, 0.600
531	531	-5.333	10.000, 37.000, 0.927, 13.400, 3.333, 48.287, 2.000
287	288	1.250	16.145, 5.995, 0.000, 3.750, 7.000, 7.630, 0.000
111	112	6.250	24.420, 8.250, 0.000, 7.000, 1.500, 10.505, 1.500
480	481	-6.000	6.225, 5.500, 0.000, 15.275, 2.750, 8.062, 1.000
309	310	5.750	23.538, 1.750, 2.000, 4.438, 0.500, 8.062, 0.000
327	329	2.800	20.338, 6.000, 3.200, 7.040, 3.800, 10.212, 0.000
471	472	-5.500	7.002, 1.000, 0.750, 14.925, 11.500, 13.625, 0.750
549	550	2.000	7.970, 13.750, 0.000, 6.638, 2.000, 11.000, 1.500
281	282	4.750	16.998, 9.500, 0.000, 2.250, 3.500, 9.750, 1.500
553	554	-2.000	3.385, 7.500, 0.000, 9.325, 0.000, 10.500, 0.750
215	215	10.333	24.563, 22.333, 1.333, 2.000, 0.000, 4.667, 2.000
3	4	2.000	5.390, 13.250, 0.000, 3.413, 0.000, 9.510, 0.750
74	75	11.000	36.715, 6.000, 0.000, 6.800, 0.000, 9.750, 0.000
380	381	5.500	18.040, 3.140, 0.000, 3.025, 0.000, 7.750, 0.000
404	405	-0.500	2.250, 9.250, 0.000, 3.525, 2.500, 14.255, 1.250
425	426	4.500	14.388, 5.750, 0.000, 1.887, 1.500, 5.152, 0.000
102	103	0.250	3.750, 9.750, 0.000, 3.388, 0.000, 11.500, 0.000
615	616	-2.000	0.000, 1.250, 0.000, 5.888, 0.000, 4.312, 0.000
202	203	5.500	23.180, 5.500, 0.000, 4.000, 0.000, 9.250, 1.250
301	302	5.750	12.240, 12.750, 0.000, 4.275, 0.000, 4.520, 0.000
348	349	-0.500	1.500, 5.250, 0.000, 6.138, 0.500, 3.500, 0.000
523	523	-1.333	3.280, 10.743, 0.000, 6.667, 0.000, 14.823, 1.000
358	358	2.333	10.810, 5.520, 0.000, 3.883, 1.000, 14.667, 1.000
468	468	-12.667	8.567, 9.000, 0.000, 26.550, 2.667, 15.823, 3.000
411	411	-13.333	7.347, 10.793, 0.000, 28.700, 1.667, 14.000, 0.000
298	298	8.667	22.183, 6.000, 0.000, 2.507, 0.000, 3.667, 1.000
324	324	7.333	30.043, 1.000, 0.000, 6.517, 1.333, 8.667, 1.000
466	466	-0.667	7.513, 7.667, 0.667, 5.850, 0.000, 15.840, 1.000
231	231	-1.000	3.167, 3.000, 0.000, 5.333, 0.000, 7.673, 0.000
25	25	1.000	5.840, 10.333, 0.000, 4.550, 0.000, 6.000, 0.000
521	521	-3.000	5.007, 13.667, 0.000, 3.033, 1.000, 25.907, 2.000
456	456	1.000	4.000, 4.333, 0.000, 2.000, 0.000, 9.667, 0.000
478	478	-2.667	1.833, 4.333, 0.000, 5.000, 4.333, 18.667, 0.000
266	266	9.667	32.017, 5.713, 0.000, 5.850, 0.000, 10.000, 0.000
249	249	8.333	25.053, 4.667, 0.000, 3.517, 0.000, 0.667, 0.000
272	272	-1.000	4.847, 6.667, 0.000, 10.700, 0.000, 5.870, 0.000
130	130	1.333	3.663, 11.333, 0.000, 7.033, 0.000, 5.333, 1.000
122	122	-0.333	5.180, 1.667, 0.000, 6.000, 0.000, 2.000, 1.000
106	106	-0.667	0.833, 3.000, 0.000, 3.517, 0.000, 6.333, 2.333
172	172	2.000	10.507, 7.667, 0.000, 5.667, 3.667, 2.333, 0.000
224	224	4.000	14.373, 2.667, 0.000, 2.000, 0.000, 12.333, 1.333
515	515	5.667	16.693, 2.983, 0.000, 2.517, 0.667, 8.417, 1.000
463	463	3.667	14.027, 0.853, 0.000, 2.067, 0.000, 0.000, 0.000
20	20	2.333	8.673, 11.000, 0.000, 2.550, 2.000, 16.667, 3.000
315	315	-1.333	0.833, 1.667, 0.000, 3.183, 2.667, 9.333, 2.000
16	16	4.667	8.337, 13.810, 0.000, 2.333, 1.667, 9.083, 1.000
234	234	-3.000	3.997, 4.667, 0.000, 3.517, 1.000, 14.333, 0.000
407	407	0.000	2.000, 10.000, 0.000, 3.000, 0.000, 10.333, 0.000
56	56	0.000	3.167, 1.743, 0.000, 2.517, 0.000, 5.000, 1.000
157	157	1.333	3.000, 3.667, 0.000, 0.333, 0.000, 7.667, 1.000
118	118	0.667	5.127, 2.667, 0.000, 7.000, 0.000, 5.667, 0.000
52	52	-0.333	3.007, 4.000, 0.000, 6.000, 1.333, 3.667, 0.000
40	40	2.667	10.347, 2.497, 0.000, 3.517, 0.000, 3.673, 0.000
385	385	0.333	5.507, 4.000, 0.000, 2.033, 0.000, 6.673, 1.000
475	475	1.667	1.500, 5.667, 0.000, 1.000, 2.000, 6.333, 0.000
