514	1.0	0.763684	4	121	10210	85 minutes 40 seconds
469	0.962189755755	0.660038	5	154	10210	78 minutes 10 seconds
470	0.918826651699	0.630292	5	174	10210	78 minutes 20 seconds
330	0.860815468178	0.657391	4	139	10210	55 minutes 0 seconds
268	0.858061711388	0.655288	4	127	10210	44 minutes 40 seconds
77	0.823116629391	0.628601	4	138	10210	12 minutes 50 seconds
323	0.771927066672	0.684398	3	116	10210	53 minutes 50 seconds
412	0.7496918027	0.664684	3	113	10210	68 minutes 40 seconds
531	0.745969537138	0.569685	4	130	10210	88 minutes 30 seconds
311	0.720071101551	0.638422	3	106	10210	51 minutes 50 seconds
497	0.712643932368	0.631837	3	102	10210	82 minutes 50 seconds
76	0.705269457001	0.538603	4	134	10210	12 minutes 40 seconds
537	0.701177450359	0.535478	4	121	10210	89 minutes 30 seconds
78	0.69923104005	0.619945	3	107	10210	13 minutes 0 seconds
331	0.667221463529	0.591565	3	107	10210	55 minutes 10 seconds
413	0.666948513651	0.591323	3	97	10210	68 minutes 50 seconds
267	0.662812533486	0.587656	3	115	10210	44 minutes 30 seconds
362	0.658357359868	0.583706	3	91	10210	60 minutes 20 seconds
577	0.635340009742	0.485199	4	142	10210	96 minutes 10 seconds
322	0.627019814478	0.478845	4	135	10210	53 minutes 40 seconds
513	0.617449101985	0.471536	4	120	10210	85 minutes 30 seconds
496	0.613559743227	0.543988	3	94	10210	82 minutes 40 seconds
86	0.613532544262	0.686406	2	70	10210	14 minutes 20 seconds
253	0.61305670337	0.543542	3	97	10210	42 minutes 10 seconds
269	0.607607856853	0.538711	3	95	10210	44 minutes 50 seconds
215	0.603513566735	0.675197	2	62	10210	35 minutes 50 seconds
310	0.603249681952	0.534847	3	91	10210	51 minutes 40 seconds
572	0.599075353456	0.531146	3	116	10210	95 minutes 20 seconds
576	0.598652060276	0.457181	4	133	10210	96 minutes 0 seconds
538	0.597395922186	0.529657	3	115	10210	89 minutes 40 seconds
568	0.582982589615	0.516878	3	101	10210	94 minutes 40 seconds
481	0.580895114926	0.649892	2	84	10210	80 minutes 10 seconds
372	0.578915274153	0.647677	2	79	10210	62 minutes 0 seconds
254	0.578137639177	0.646807	2	77	10210	42 minutes 20 seconds
532	0.576963029718	0.511541	3	110	10210	88 minutes 40 seconds
500	0.572864022671	0.640907	2	76	10210	83 minutes 20 seconds
541	0.568245552024	0.503812	3	94	10210	90 minutes 10 seconds
573	0.568191413206	0.503764	3	115	10210	95 minutes 30 seconds
578	0.560466109019	0.428019	4	134	10210	96 minutes 20 seconds
566	0.557219279294	0.494036	3	91	10210	94 minutes 20 seconds
544	0.556243652667	0.493171	3	92	10210	90 minutes 40 seconds
550	0.551810672981	0.617353	2	71	10210	91 minutes 40 seconds
534	0.548880773332	0.486643	3	93	10210	89 minutes 0 seconds
499	0.547316479118	0.612325	2	84	10210	83 minutes 10 seconds
540	0.547175400544	0.485131	3	93	10210	90 minutes 0 seconds
569	0.546851695525	0.484844	3	93	10210	94 minutes 50 seconds
293	0.54616790332	0.61104	2	62	10210	48 minutes 50 seconds
543	0.544274462179	0.482559	3	100	10210	90 minutes 30 seconds
251	0.542530895597	0.606971	2	63	10210	41 minutes 50 seconds
177	0.541556617294	0.605881	2	74	10210	29 minutes 30 seconds
530	0.532245012335	0.406467	4	131	10210	88 minutes 20 seconds
503	0.530110187977	0.593075	2	70	10210	83 minutes 50 seconds
112	0.529311994834	0.592182	2	76	10210	18 minutes 40 seconds
471	0.528982501697	0.469001	3	114	10210	78 minutes 30 seconds
571	0.524360400056	0.464903	3	105	10210	95 minutes 10 seconds
199	0.519503068134	0.581208	2	68	10210	33 minutes 10 seconds
582	0.513255174882	0.455057	3	91	10210	97 minutes 0 seconds
363	0.505746079721	0.565817	2	84	10210	60 minutes 30 seconds
511	0.502316441326	0.56198	2	70	10210	85 minutes 10 seconds
579	0.501899557672	0.444989	3	112	10210	96 minutes 30 seconds
292	0.497843699462	0.556976	2	68	10210	48 minutes 40 seconds
288	0.497354772644	0.556429	2	62	10210	48 minutes 0 seconds
581	0.497218805643	0.440839	3	98	10210	96 minutes 50 seconds
180	0.496132008681	0.555061	2	63	10210	30 minutes 0 seconds
558	0.495616266863	0.554484	2	67	10210	93 minutes 0 seconds
198	0.494797515555	0.553568	2	87	10210	33 minutes 0 seconds
287	0.493693631422	0.552333	2	66	10210	47 minutes 50 seconds
535	0.493092976506	0.437181	3	102	10210	89 minutes 10 seconds
178	0.489597193381	0.54775	2	74	10210	29 minutes 40 seconds
559	0.48065349732	0.537744	2	65	10210	93 minutes 10 seconds
371	0.477795912241	0.534547	2	88	10210	61 minutes 50 seconds
304	0.477667200245	0.534403	2	65	10210	50 minutes 40 seconds
580	0.477442346351	0.423305	3	102	10210	96 minutes 40 seconds
536	0.476199409306	0.422203	3	118	10210	89 minutes 20 seconds
495	0.472693920799	0.419095	3	90	10210	82 minutes 30 seconds
523	0.472381070073	0.528489	2	64	10210	87 minutes 10 seconds
565	0.471633825429	0.527653	2	83	10210	94 minutes 10 seconds
358	0.469326841666	0.525072	2	61	10210	59 minutes 40 seconds
539	0.468030087152	0.41496	3	108	10210	89 minutes 50 seconds
281	0.466609588416	0.522032	2	72	10210	46 minutes 50 seconds
75	0.463824177678	0.411231	3	98	10210	12 minutes 30 seconds
574	0.463622285001	0.411052	3	102	10210	95 minutes 40 seconds
305	0.463543740176	0.518602	2	66	10210	50 minutes 50 seconds
312	0.463020847692	0.518017	2	80	10210	52 minutes 0 seconds
419	0.455185504932	0.509251	2	61	10210	69 minutes 50 seconds
313	0.454187986962	0.508135	2	71	10210	52 minutes 10 seconds
111	0.450918344729	0.504477	2	80	10210	18 minutes 30 seconds
561	0.44912084595	0.502466	2	71	10210	93 minutes 30 seconds
179	0.448272598143	0.501517	2	62	10210	29 minutes 50 seconds
468	0.445350433709	0.394852	3	109	10210	78 minutes 0 seconds
583	0.444124317769	0.496876	2	85	10210	97 minutes 10 seconds
502	0.442889933974	0.495495	2	73	10210	83 minutes 40 seconds
417	0.439214491419	0.491383	2	83	10210	69 minutes 30 seconds
411	0.439125597458	0.389333	3	111	10210	68 minutes 30 seconds
553	0.439050919924	0.4912	2	61	10210	92 minutes 10 seconds
298	0.438898327208	0.778263	1	52	10210	49 minutes 40 seconds
3	0.438607895004	0.388874	3	93	10210	0 minutes 30 seconds
567	0.438375549241	0.388668	3	90	10210	94 minutes 30 seconds
282	0.434146456574	0.485713	2	70	10210	47 minutes 0 seconds
584	0.430510342685	0.481645	2	67	10210	97 minutes 20 seconds
329	0.430440828634	0.381633	3	118	10210	54 minutes 50 seconds
324	0.429649581211	0.480682	2	66	10210	54 minutes 0 seconds
328	0.429317075222	0.48031	2	74	10210	54 minutes 40 seconds
527	0.429121325728	0.480091	2	73	10210	87 minutes 50 seconds
416	0.421899152615	0.472011	2	75	10210	69 minutes 20 seconds
562	0.421156377138	0.47118	2	76	10210	93 minutes 40 seconds
176	0.417733889409	0.467351	2	68	10210	29 minutes 20 seconds
418	0.416579056777	0.466059	2	76	10210	69 minutes 40 seconds
252	0.415114957822	0.464421	2	89	10210	42 minutes 0 seconds
545	0.413049309052	0.46211	2	75	10210	90 minutes 50 seconds
542	0.398120505174	0.445408	2	89	10210	90 minutes 20 seconds
554	0.397975019776	0.705697	1	57	10210	92 minutes 20 seconds
360	0.394463833119	0.441317	2	62	10210	60 minutes 0 seconds
528	0.393859601805	0.440641	2	71	10210	88 minutes 0 seconds
564	0.393479722649	0.440216	2	88	10210	94 minutes 0 seconds
321	0.392188369588	0.347718	3	113	10210	53 minutes 30 seconds
575	0.387718533374	0.343755	3	107	10210	95 minutes 50 seconds
480	0.387218420341	0.433211	2	78	10210	80 minutes 0 seconds
557	0.387206800508	0.433198	2	65	10210	92 minutes 50 seconds
370	0.387093283678	0.433071	2	79	10210	61 minutes 40 seconds
405	0.385708735887	0.431522	2	62	10210	67 minutes 30 seconds
472	0.38452261909	0.430195	2	70	10210	78 minutes 40 seconds
509	0.382497192818	0.427929	2	61	10210	84 minutes 50 seconds
381	0.382079637045	0.677511	1	33	10210	63 minutes 30 seconds
466	0.375518125015	0.665876	1	51	10210	77 minutes 40 seconds
231	0.375319052067	0.665523	1	30	10210	38 minutes 30 seconds
25	0.371519183734	0.658785	1	58	10210	4 minutes 10 seconds
425	0.36829848797	0.653074	1	52	10210	70 minutes 50 seconds
510	0.36791162093	0.411611	2	66	10210	85 minutes 0 seconds
521	0.366632545469	0.41018	2	60	10210	86 minutes 50 seconds
529	0.366057810654	0.409537	2	89	10210	88 minutes 10 seconds
456	0.365997588178	0.648994	1	47	10210	76 minutes 0 seconds
103	0.36571053965	0.648485	1	42	10210	17 minutes 10 seconds
270	0.363831271888	0.407046	2	65	10210	45 minutes 0 seconds
309	0.363804456889	0.407016	2	76	10210	51 minutes 30 seconds
203	0.362336450568	0.642502	1	58	10210	33 minutes 50 seconds
306	0.362236632121	0.642325	1	55	10210	51 minutes 0 seconds
4	0.360106668502	0.402879	2	68	10210	0 minutes 40 seconds
563	0.359737515347	0.402466	2	75	10210	93 minutes 50 seconds
478	0.358352171883	0.635437	1	48	10210	79 minutes 40 seconds
616	0.357629757022	0.634156	1	59	10210	102 minutes 40 seconds
320	0.354816069164	0.39696	2	69	10210	53 minutes 20 seconds
266	0.354211837849	0.396284	2	77	10210	44 minutes 20 seconds
508	0.354005839849	0.62773	1	56	10210	84 minutes 40 seconds
85	0.353654085866	0.39566	2	83	10210	14 minutes 10 seconds
415	0.351508885931	0.39326	2	67	10210	69 minutes 10 seconds
512	0.351436501748	0.311587	3	114	10210	85 minutes 20 seconds
549	0.350927894282	0.39261	2	68	10210	91 minutes 30 seconds
526	0.350585556126	0.392227	2	64	10210	87 minutes 40 seconds
249	0.350141117723	0.620877	1	39	10210	41 minutes 30 seconds
197	0.348956991843	0.390405	2	77	10210	32 minutes 50 seconds
302	0.347795666194	0.616718	1	46	10210	50 minutes 20 seconds
182	0.339509607212	0.602025	1	41	10210	30 minutes 20 seconds
272	0.339232709713	0.601534	1	50	10210	45 minutes 20 seconds
570	0.337196827035	0.377248	2	89	10210	95 minutes 0 seconds
560	0.33713872787	0.377183	2	60	10210	93 minutes 20 seconds
327	0.334751594578	0.593588	1	36	10210	54 minutes 30 seconds
130	0.333301689341	0.591017	1	39	10210	21 minutes 40 seconds
122	0.332400503589	0.589419	1	37	10210	20 minutes 20 seconds
106	0.331316599324	0.587497	1	31	10210	17 minutes 40 seconds
380	0.330425000655	0.585916	1	37	10210	63 minutes 20 seconds
172	0.329660853788	0.584561	1	49	10210	28 minutes 40 seconds
224	0.328739365979	0.582927	1	47	10210	37 minutes 20 seconds
181	0.328486154212	0.582478	1	52	10210	30 minutes 10 seconds
515	0.327796382155	0.366731	2	73	10210	85 minutes 50 seconds
498	0.325659226721	0.36434	2	89	10210	83 minutes 0 seconds
463	0.325533332812	0.577242	1	35	10210	77 minutes 10 seconds
301	0.324780464866	0.575907	1	40	10210	50 minutes 10 seconds
74	0.323848320443	0.362314	2	72	10210	12 minutes 20 seconds
348	0.323270217404	0.573229	1	47	10210	58 minutes 0 seconds
20	0.322940308978	0.572644	1	49	10210	3 minutes 20 seconds
426	0.322284439748	0.571481	1	43	10210	71 minutes 0 seconds
315	0.321345469612	0.569816	1	48	10210	52 minutes 30 seconds
16	0.321127786445	0.56943	1	57	10210	2 minutes 40 seconds
615	0.319540937741	0.357495	2	71	10210	102 minutes 30 seconds
102	0.319498546372	0.566541	1	48	10210	17 minutes 0 seconds
234	0.316957405572	0.562035	1	49	10210	39 minutes 0 seconds
407	0.315576865697	0.559587	1	45	10210	67 minutes 50 seconds
56	0.314660453402	0.557962	1	37	10210	9 minutes 20 seconds
202	0.314219447608	0.55718	1	47	10210	33 minutes 40 seconds
157	0.312560318395	0.554238	1	34	10210	26 minutes 10 seconds
349	0.311695789135	0.552705	1	30	10210	58 minutes 10 seconds
404	0.311530552949	0.552412	1	54	10210	67 minutes 20 seconds
118	0.311515326406	0.552385	1	46	10210	19 minutes 40 seconds
52	0.308743531681	0.54747	1	37	10210	8 minutes 40 seconds
533	0.308062330425	0.344653	2	81	10210	88 minutes 50 seconds
361	0.305650768165	0.341955	2	79	10210	60 minutes 10 seconds
501	0.305619483999	0.34192	2	67	10210	83 minutes 30 seconds
40	0.305210409819	0.541205	1	34	10210	6 minutes 40 seconds
294	0.305049121255	0.540919	1	47	10210	49 minutes 0 seconds
87	0.303907130549	0.538894	1	48	10210	14 minutes 30 seconds
385	0.303777422963	0.538664	1	32	10210	64 minutes 10 seconds
475	0.300555035362	0.53295	1	31	10210	79 minutes 10 seconds
55	0.299900294024	0.531789	1	51	10210	9 minutes 10 seconds
257	0.298710931852	0.52968	1	45	10210	42 minutes 50 seconds
430	0.297711619491	0.527908	1	37	10210	71 minutes 40 seconds
391	0.296975105979	0.526602	1	31	10210	65 minutes 10 seconds
13	0.296729225511	0.526166	1	44	10210	2 minutes 10 seconds
617	0.295749087315	0.524428	1	36	10210	102 minutes 50 seconds
90	0.294587358499	0.522368	1	51	10210	15 minutes 0 seconds
319	0.294502766595	0.522218	1	53	10210	53 minutes 10 seconds
507	0.293702527181	0.520799	1	55	10210	84 minutes 30 seconds
289	0.293680533286	0.52076	1	51	10210	48 minutes 10 seconds
408	0.293134069586	0.519791	1	37	10210	68 minutes 0 seconds
519	0.292663174653	0.518956	1	48	10210	86 minutes 30 seconds
437	0.292140960631	0.51803	1	37	10210	72 minutes 50 seconds
152	0.291852784211	0.517519	1	41	10210	25 minutes 20 seconds
173	0.291733791599	0.517308	1	47	10210	28 minutes 50 seconds
486	0.290915505914	0.515857	1	42	10210	81 minutes 0 seconds
376	0.290707973775	0.515489	1	37	10210	62 minutes 40 seconds
248	0.290275427172	0.514722	1	33	10210	41 minutes 20 seconds
126	0.290207189703	0.514601	1	42	10210	21 minutes 0 seconds
347	0.288332069162	0.511276	1	51	10210	57 minutes 50 seconds
303	0.28683028089	0.508613	1	50	10210	50 minutes 30 seconds
341	0.286375740392	0.507807	1	39	10210	56 minutes 50 seconds
279	0.285818561717	0.506819	1	37	10210	46 minutes 30 seconds
494	0.285785288901	0.50676	1	53	10210	82 minutes 20 seconds
367	0.285762167114	0.506719	1	43	10210	61 minutes 10 seconds
121	0.285338643647	0.505968	1	41	10210	20 minutes 10 seconds
166	0.284669803659	0.504782	1	48	10210	27 minutes 40 seconds
424	0.284632583221	0.504716	1	54	10210	70 minutes 40 seconds
587	0.284557014453	0.504582	1	44	10210	97 minutes 50 seconds
291	0.283523865331	0.50275	1	53	10210	48 minutes 30 seconds
174	0.283518789817	0.502741	1	44	10210	29 minutes 0 seconds
316	0.283434761859	0.502592	1	43	10210	52 minutes 40 seconds
150	0.282617604065	0.501143	1	45	10210	25 minutes 0 seconds
518	0.280033039421	0.49656	1	45	10210	86 minutes 20 seconds
141	0.279632637741	0.49585	1	42	10210	23 minutes 30 seconds
429	0.27956609211	0.495732	1	34	10210	71 minutes 30 seconds
186	0.279406495384	0.495449	1	45	10210	31 minutes 0 seconds
551	0.279351228673	0.495351	1	59	10210	91 minutes 50 seconds
335	0.278770364265	0.494321	1	36	10210	55 minutes 50 seconds
193	0.278702690742	0.494201	1	49	10210	32 minutes 10 seconds
194	0.278371654424	0.493614	1	55	10210	32 minutes 20 seconds
265	0.277079090129	0.491322	1	48	10210	44 minutes 10 seconds
491	0.27707739829	0.491319	1	32	10210	81 minutes 50 seconds
153	0.27698942271	0.491163	1	42	10210	25 minutes 30 seconds
29	0.276868174314	0.490948	1	36	10210	4 minutes 50 seconds
485	0.275359054745	0.488272	1	40	10210	80 minutes 50 seconds
51	0.274959217011	0.487563	1	33	10210	8 minutes 30 seconds
161	0.273945242054	0.485765	1	38	10210	26 minutes 50 seconds
552	0.273758795806	0.306275	2	64	10210	92 minutes 0 seconds
220	0.273495213124	0.484967	1	37	10210	36 minutes 40 seconds
127	0.273249896602	0.484532	1	34	10210	21 minutes 10 seconds
588	0.273189554377	0.484425	1	39	10210	98 minutes 0 seconds
140	0.273015859	0.484117	1	47	10210	23 minutes 20 seconds
123	0.272363937393	0.482961	1	32	10210	20 minutes 30 seconds
354	0.272197573314	0.482666	1	31	10210	59 minutes 0 seconds
109	0.272180090988	0.482635	1	37	10210	18 minutes 10 seconds
82	0.271927443167	0.482187	1	33	10210	13 minutes 40 seconds
474	0.271727806274	0.481833	1	40	10210	79 minutes 0 seconds
119	0.271522529919	0.481469	1	35	10210	19 minutes 50 seconds
591	0.271177394951	0.480857	1	45	10210	98 minutes 30 seconds
264	0.270950688648	0.480455	1	30	10210	44 minutes 0 seconds
5	0.269907952443	0.478606	1	58	10210	0 minutes 50 seconds
390	0.269342878523	0.477604	1	31	10210	65 minutes 0 seconds
94	0.2691048933	0.477182	1	38	10210	15 minutes 40 seconds
522	0.268996051716	0.476989	1	57	10210	87 minutes 0 seconds
142	0.268635690205	0.47635	1	37	10210	23 minutes 40 seconds
98	0.268076819691	0.475359	1	32	10210	16 minutes 20 seconds
219	0.267801050084	0.47487	1	46	10210	36 minutes 30 seconds
326	0.267761009916	0.474799	1	38	10210	54 minutes 20 seconds
359	0.267255714275	0.473903	1	49	10210	59 minutes 50 seconds
235	0.267187476806	0.473782	1	35	10210	39 minutes 10 seconds
547	0.266167862388	0.471974	1	48	10210	91 minutes 10 seconds
487	0.265270060312	0.470382	1	30	10210	81 minutes 10 seconds
167	0.265146556132	0.470163	1	45	10210	27 minutes 50 seconds
297	0.264751229967	0.469462	1	52	10210	49 minutes 30 seconds
384	0.264305712605	0.468672	1	31	10210	64 minutes 0 seconds
185	0.263756429175	0.467698	1	40	10210	30 minutes 50 seconds
73	0.263333469654	0.466948	1	52	10210	12 minutes 10 seconds
464	0.26329286554	0.466876	1	43	10210	77 minutes 20 seconds
162	0.263133268814	0.466593	1	46	10210	27 minutes 0 seconds
318	0.263024427231	0.4664	1	49	10210	53 minutes 0 seconds
205	0.262991718361	0.466342	1	50	10210	34 minutes 10 seconds
117	0.262746401839	0.465907	1	47	10210	19 minutes 30 seconds
21	0.262337540969	0.465182	1	44	10210	3 minutes 30 seconds
91	0.262303704208	0.465122	1	52	10210	15 minutes 10 seconds
457	0.262183583704	0.464909	1	37	10210	76 minutes 10 seconds
366	0.26214015986	0.464832	1	49	10210	61 minutes 0 seconds
307	0.262048236657	0.464669	1	44	10210	51 minutes 10 seconds
482	0.26197266789	0.464535	1	54	10210	80 minutes 20 seconds
290	0.261131824363	0.463044	1	46	10210	48 minutes 20 seconds
93	0.259967275816	0.460979	1	43	10210	15 minutes 30 seconds
187	0.259915956727	0.460888	1	43	10210	31 minutes 10 seconds
120	0.259768766814	0.460627	1	35	10210	20 minutes 0 seconds
8	0.259412352925	0.459995	1	52	10210	1 minutes 20 seconds
365	0.258876040253	0.459044	1	55	10210	60 minutes 50 seconds
163	0.258821901434	0.458948	1	45	10210	27 minutes 10 seconds
92	0.258208328156	0.45786	1	50	10210	15 minutes 20 seconds
83	0.257276689319	0.456208	1	39	10210	13 minutes 50 seconds
225	0.256996972089	0.455712	1	37	10210	37 minutes 30 seconds
160	0.25664337793	0.455085	1	30	10210	26 minutes 40 seconds
129	0.254967330336	0.452113	1	34	10210	21 minutes 30 seconds
492	0.254538167409	0.451352	1	40	10210	82 minutes 0 seconds
504	0.254387029874	0.451084	1	55	10210	84 minutes 0 seconds
79	0.254292286941	0.450916	1	55	10210	13 minutes 10 seconds
138	0.254181189574	0.450719	1	37	10210	23 minutes 0 seconds
12	0.254134382053	0.450636	1	45	10210	2 minutes 0 seconds
355	0.253759357945	0.449971	1	33	10210	59 minutes 10 seconds
155	0.253371363078	0.449283	1	39	10210	25 minutes 50 seconds
357	0.253340909993	0.449229	1	47	10210	59 minutes 30 seconds
612	0.253047094112	0.448708	1	31	10210	102 minutes 0 seconds
125	0.252112071599	0.44705	1	41	10210	20 minutes 50 seconds
344	0.24979932894	0.442949	1	32	10210	57 minutes 20 seconds
517	0.249517355926	0.442449	1	55	10210	86 minutes 10 seconds
435	0.249491414409	0.442403	1	37	10210	72 minutes 30 seconds
338	0.249179552256	0.44185	1	36	10210	56 minutes 20 seconds
17	0.249029542612	0.441584	1	36	10210	2 minutes 50 seconds
110	0.248717161904	0.278259	2	69	10210	18 minutes 20 seconds
339	0.248417661172	0.440499	1	41	10210	56 minutes 30 seconds
89	0.247915185262	0.439608	1	44	10210	14 minutes 50 seconds
72	0.247209124835	0.438356	1	38	10210	12 minutes 0 seconds
255	0.24655833112	0.437202	1	59	10210	42 minutes 30 seconds
7	0.246449489536	0.437009	1	56	10210	1 minutes 10 seconds
375	0.246197405662	0.436562	1	38	10210	62 minutes 30 seconds
95	0.245563530327	0.435438	1	30	10210	15 minutes 50 seconds
337	0.245323289319	0.435012	1	42	10210	56 minutes 10 seconds
164	0.244925143424	0.434306	1	45	10210	27 minutes 20 seconds
50	0.243661340376	0.432065	1	33	10210	8 minutes 20 seconds
188	0.243340455087	0.431496	1	41	10210	31 minutes 20 seconds
128	0.242535704105	0.430069	1	35	10210	21 minutes 20 seconds
206	0.242006722732	0.429131	1	34	10210	34 minutes 20 seconds
524	0.241699372147	0.428586	1	47	10210	87 minutes 20 seconds
15	0.241330551445	0.427932	1	55	10210	2 minutes 30 seconds
434	0.241314760956	0.427904	1	32	10210	72 minutes 20 seconds
274	0.240691600595	0.426799	1	34	10210	45 minutes 40 seconds
286	0.240666223024	0.426754	1	56	10210	47 minutes 40 seconds
170	0.23979097879	0.425202	1	34	10210	28 minutes 20 seconds
139	0.239132289829	0.424034	1	36	10210	23 minutes 10 seconds
66	0.238995814891	0.423792	1	31	10210	11 minutes 0 seconds
477	0.238863287574	0.423557	1	40	10210	79 minutes 30 seconds
432	0.238658575166	0.423194	1	31	10210	72 minutes 0 seconds
505	0.238393520533	0.422724	1	45	10210	84 minutes 10 seconds
546	0.238262121109	0.422491	1	57	10210	91 minutes 0 seconds
223	0.238110983574	0.422223	1	47	10210	37 minutes 10 seconds
6	0.237780511201	0.421637	1	54	10210	1 minutes 0 seconds
239	0.237640088641	0.421388	1	31	10210	39 minutes 50 seconds
590	0.237420713636	0.420999	1	40	10210	98 minutes 20 seconds
613	0.237130281432	0.420484	1	33	10210	102 minutes 10 seconds
10	0.236345268561	0.419092	1	42	10210	1 minutes 40 seconds
233	0.236309176016	0.419028	1	43	10210	38 minutes 50 seconds
214	0.236301280771	0.419014	1	49	10210	35 minutes 40 seconds
506	0.236080777875	0.418623	1	50	10210	84 minutes 20 seconds
149	0.235719852417	0.417983	1	37	10210	24 minutes 50 seconds
218	0.235578301964	0.417732	1	48	10210	36 minutes 20 seconds
283	0.234699110107	0.416173	1	50	10210	47 minutes 10 seconds
462	0.234582937225	0.415967	1	34	10210	77 minutes 0 seconds
342	0.23456094333	0.415928	1	34	10210	57 minutes 0 seconds
9	0.233878004691	0.414717	1	48	10210	1 minutes 30 seconds
165	0.232991481536	0.413145	1	50	10210	27 minutes 30 seconds
96	0.232885459683	0.412957	1	30	10210	16 minutes 0 seconds
332	0.232235229913	0.411804	1	53	10210	55 minutes 20 seconds
24	0.231848362938	0.411118	1	52	10210	4 minutes 0 seconds
191	0.231296823723	0.41014	1	35	10210	31 minutes 50 seconds
436	0.231167116137	0.40991	1	39	10210	72 minutes 40 seconds
271	0.229615136669	0.407158	1	43	10210	45 minutes 10 seconds
175	0.22864966107	0.405446	1	53	10210	29 minutes 10 seconds
132	0.227903560476	0.404123	1	31	10210	22 minutes 0 seconds
273	0.227526844529	0.403455	1	34	10210	45 minutes 30 seconds
420	0.227525152691	0.403452	1	49	10210	70 minutes 0 seconds
409	0.227202011617	0.402879	1	35	10210	68 minutes 10 seconds
196	0.227097117656	0.402693	1	52	10210	32 minutes 40 seconds
340	0.226208338717	0.401117	1	40	10210	56 minutes 40 seconds
592	0.226040282801	0.400819	1	36	10210	98 minutes 40 seconds
346	0.225780867628	0.400359	1	49	10210	57 minutes 40 seconds
520	0.224413862457	0.397935	1	46	10210	86 minutes 40 seconds
195	0.224288102493	0.397712	1	47	10210	32 minutes 30 seconds
593	0.224200690859	0.397557	1	34	10210	98 minutes 50 seconds
171	0.224097488736	0.397374	1	37	10210	28 minutes 30 seconds
374	0.22397906007	0.397164	1	36	10210	62 minutes 20 seconds
284	0.22291151024	0.395271	1	34	10210	47 minutes 20 seconds
217	0.222650403229	0.394808	1	47	10210	36 minutes 10 seconds
190	0.221845088302	0.39338	1	36	10210	31 minutes 40 seconds
525	0.219899474507	0.38993	1	57	10210	87 minutes 30 seconds
431	0.219552083754	0.389314	1	32	10210	71 minutes 50 seconds
589	0.217599702607	0.385852	1	35	10210	98 minutes 10 seconds
586	0.217216219308	0.385172	1	48	10210	97 minutes 40 seconds
325	0.216491548663	0.383887	1	34	10210	54 minutes 10 seconds
200	0.216331951937	0.383604	1	37	10210	33 minutes 20 seconds
377	0.215792255589	0.382647	1	31	10210	62 minutes 50 seconds
156	0.215722890227	0.382524	1	37	10210	26 minutes 0 seconds
11	0.214756850682	0.380811	1	48	10210	1 minutes 50 seconds
493	0.21433276327	0.380059	1	42	10210	82 minutes 10 seconds
54	0.21138840106	0.374838	1	50	10210	9 minutes 0 seconds
299	0.210562784076	0.373374	1	39	10210	49 minutes 50 seconds
183	0.210440971734	0.373158	1	34	10210	30 minutes 30 seconds
314	0.210281375008	0.372875	1	53	10210	52 minutes 20 seconds
364	0.209066071319	0.37072	1	59	10210	60 minutes 40 seconds
104	0.208763796248	0.370184	1	36	10210	17 minutes 20 seconds
410	0.207610526622	0.368139	1	59	10210	68 minutes 20 seconds
154	0.20610591862	0.365471	1	34	10210	25 minutes 40 seconds
333	0.206001024659	0.365285	1	34	10210	55 minutes 30 seconds
373	0.205710028509	0.364769	1	49	10210	62 minutes 10 seconds
101	0.205517158968	0.364427	1	34	10210	16 minutes 50 seconds
461	0.205280301636	0.364007	1	30	10210	76 minutes 50 seconds
406	0.205049083765	0.363597	1	53	10210	67 minutes 40 seconds
105	0.205030473546	0.363564	1	33	10210	17 minutes 30 seconds
116	0.2043768601	0.362405	1	41	10210	19 minutes 20 seconds
614	0.204120264657	0.36195	1	46	10210	102 minutes 20 seconds
184	0.202859845286	0.359715	1	32	10210	30 minutes 40 seconds
548	0.202854769772	0.359706	1	55	10210	91 minutes 20 seconds
250	0.20266190023	0.359364	1	39	10210	41 minutes 40 seconds
345	0.202470158581	0.359024	1	38	10210	57 minutes 30 seconds
280	0.202144761723	0.358447	1	54	10210	46 minutes 40 seconds
189	0.200353105194	0.35527	1	36	10210	31 minutes 30 seconds
148	0.199975261355	0.3546	1	36	10210	24 minutes 40 seconds
389	0.199442332359	0.353655	1	32	10210	64 minutes 50 seconds
473	0.199312060827	0.353424	1	48	10210	78 minutes 50 seconds
53	0.199025012299	0.352915	1	44	10210	8 minutes 50 seconds
151	0.198881206062	0.35266	1	39	10210	25 minutes 10 seconds
28	0.198607128293	0.352174	1	37	10210	4 minutes 40 seconds
114	0.198318387926	0.351662	1	31	10210	19 minutes 0 seconds
241	0.19774147114	0.350639	1	31	10210	40 minutes 10 seconds
455	0.197642216639	0.350463	1	44	10210	75 minutes 50 seconds
403	0.194993362148	0.345766	1	39	10210	67 minutes 10 seconds
81	0.194786957902	0.3454	1	30	10210	13 minutes 30 seconds
204	0.194502729104	0.344896	1	51	10210	34 minutes 0 seconds
39	0.194375841248	0.344671	1	32	10210	6 minutes 30 seconds
585	0.194049316498	0.344092	1	54	10210	97 minutes 30 seconds
256	0.193678240012	0.343434	1	47	10210	42 minutes 40 seconds
465	0.193638199844	0.343363	1	48	10210	77 minutes 30 seconds
336	0.193637071952	0.343361	1	35	10210	56 minutes 0 seconds
516	0.192642835106	0.341598	1	56	10210	86 minutes 0 seconds
428	0.192482674434	0.341314	1	32	10210	71 minutes 20 seconds
317	0.190665640333	0.338092	1	41	10210	52 minutes 50 seconds
369	0.190261854977	0.337376	1	47	10210	61 minutes 30 seconds
113	0.189413116206	0.335871	1	43	10210	18 minutes 50 seconds
26	0.187651912762	0.332748	1	38	10210	4 minutes 20 seconds
192	0.186179449684	0.330137	1	41	10210	32 minutes 0 seconds
308	0.186084706752	0.329969	1	47	10210	51 minutes 20 seconds
378	0.186052561828	0.329912	1	31	10210	63 minutes 0 seconds
232	0.185322251722	0.328617	1	37	10210	38 minutes 40 seconds
300	0.182957626029	0.324424	1	40	10210	50 minutes 0 seconds
168	0.181880489117	0.322514	1	38	10210	28 minutes 0 seconds
275	0.181250561404	0.321397	1	31	10210	45 minutes 50 seconds
222	0.181008628558	0.320968	1	35	10210	37 minutes 0 seconds
216	0.180585105091	0.320217	1	47	10210	36 minutes 0 seconds
19	0.179843516065	0.318902	1	40	10210	3 minutes 10 seconds
368	0.177497500591	0.314742	1	43	10210	61 minutes 20 seconds
356	0.175284012433	0.310817	1	42	10210	59 minutes 20 seconds
201	0.173857792929	0.308288	1	41	10210	33 minutes 30 seconds
555	0.170213009753	0.301825	1	36	10210	92 minutes 30 seconds
379	0.169915810197	0.301298	1	40	10210	63 minutes 10 seconds
483	0.169433636343	0.300443	1	31	10210	80 minutes 30 seconds
57	0.168102159772	0.298082	1	30	10210	9 minutes 30 seconds
467	0.165316266397	0.293142	1	51	10210	77 minutes 50 seconds
14	0.164113933466	0.29101	1	49	10210	2 minutes 20 seconds
71	0.163977458527	0.290768	1	35	10210	11 minutes 50 seconds
27	0.163020442119	0.289071	1	37	10210	4 minutes 30 seconds
479	0.160068748611	0.283837	1	58	10210	79 minutes 50 seconds
18	0.159756322511	0.283283	1	32	10210	3 minutes 0 seconds
423	0.155809264265	0.276284	1	33	10210	70 minutes 30 seconds
556	0.154673476965	0.27427	1	40	10210	92 minutes 40 seconds
84	0.15394598659	0.27298	1	56	10210	14 minutes 0 seconds
285	0.152900994601	0.271127	1	39	10210	47 minutes 30 seconds
247	0.145159143535	0.257399	1	33	10210	41 minutes 10 seconds
124	0.143678221267	0.254773	1	30	10210	20 minutes 40 seconds
414	0.131545486431	0.233259	1	48	10210	69 minutes 0 seconds
296	0.130643736733	0.23166	1	44	10210	49 minutes 20 seconds
23	0.114912462296	0.203765	1	44	10210	3 minutes 50 seconds
476	0.107439613485	0.190514	1	34	10210	79 minutes 20 seconds
213	0.0805252893222	0.142789	1	40	10210	35 minutes 30 seconds
22	0.0	0.340552	0	28	10210	3 minutes 40 seconds
30	0.0	0.446761	0	29	10210	5 minutes 0 seconds
31	0.0	0.389311	0	23	10210	5 minutes 10 seconds
32	0.0	0.40808	0	22	10210	5 minutes 20 seconds
33	0.0	0.403908	0	17	10210	5 minutes 30 seconds
34	0.0	0.424032	0	20	10210	5 minutes 40 seconds
35	0.0	0.297137	0	23	10210	5 minutes 50 seconds
36	0.0	0.558131	0	25	10210	6 minutes 0 seconds
37	0.0	0.489629	0	23	10210	6 minutes 10 seconds
38	0.0	0.332408	0	22	10210	6 minutes 20 seconds
41	0.0	0.552284	0	28	10210	6 minutes 50 seconds
42	0.0	0.362409	0	16	10210	7 minutes 0 seconds
43	0.0	0.43591	0	15	10210	7 minutes 10 seconds
44	0.0	0.36226	0	19	10210	7 minutes 20 seconds
45	0.0	0.515771	0	20	10210	7 minutes 30 seconds
46	0.0	0.303175	0	19	10210	7 minutes 40 seconds
47	0.0	0.346226	0	21	10210	7 minutes 50 seconds
48	0.0	0.46542	0	26	10210	8 minutes 0 seconds
49	0.0	0.48386	0	27	10210	8 minutes 10 seconds
58	0.0	0.424862	0	24	10210	9 minutes 40 seconds
59	0.0	0.554096	0	20	10210	9 minutes 50 seconds
60	0.0	0.328398	0	19	10210	10 minutes 0 seconds
61	0.0	0.316203	0	20	10210	10 minutes 10 seconds
62	0.0	0.493458	0	25	10210	10 minutes 20 seconds
63	0.0	0.387593	0	25	10210	10 minutes 30 seconds
64	0.0	0.330171	0	28	10210	10 minutes 40 seconds
65	0.0	0.42212	0	29	10210	10 minutes 50 seconds
67	0.0	0.376875	0	29	10210	11 minutes 10 seconds
68	0.0	0.390949	0	28	10210	11 minutes 20 seconds
69	0.0	0.394	0	28	10210	11 minutes 30 seconds
70	0.0	0.520025	0	27	10210	11 minutes 40 seconds
80	0.0	0.22791	0	24	10210	13 minutes 20 seconds
88	0.0	0.121975	0	29	10210	14 minutes 40 seconds
97	0.0	0.244969	0	29	10210	16 minutes 10 seconds
99	0.0	0.621374	0	29	10210	16 minutes 30 seconds
100	0.0	0.397474	0	28	10210	16 minutes 40 seconds
107	0.0	0.487515	0	26	10210	17 minutes 50 seconds
108	0.0	0.312077	0	19	10210	18 minutes 0 seconds
115	0.0	0.243694	0	26	10210	19 minutes 10 seconds
131	0.0	0.462778	0	28	10210	21 minutes 50 seconds
133	0.0	0.385599	0	28	10210	22 minutes 10 seconds
134	0.0	0.580043	0	28	10210	22 minutes 20 seconds
135	0.0	0.331202	0	19	10210	22 minutes 30 seconds
136	0.0	0.321782	0	29	10210	22 minutes 40 seconds
137	0.0	0.37541	0	27	10210	22 minutes 50 seconds
143	0.0	0.466295	0	28	10210	23 minutes 50 seconds
144	0.0	0.426214	0	29	10210	24 minutes 0 seconds
145	0.0	0.293285	0	26	10210	24 minutes 10 seconds
146	0.0	0.451095	0	28	10210	24 minutes 20 seconds
147	0.0	0.476711	0	24	10210	24 minutes 30 seconds
158	0.0	0.585431	0	23	10210	26 minutes 20 seconds
159	0.0	0.335714	0	17	10210	26 minutes 30 seconds
169	0.0	0.452887	0	29	10210	28 minutes 10 seconds
207	0.0	0.381701	0	25	10210	34 minutes 30 seconds
208	0.0	0.37951	0	23	10210	34 minutes 40 seconds
209	0.0	0.500303	0	22	10210	34 minutes 50 seconds
210	0.0	0.539523	0	24	10210	35 minutes 0 seconds
211	0.0	0.314778	0	23	10210	35 minutes 10 seconds
212	0.0	0.483261	0	23	10210	35 minutes 20 seconds
221	0.0	0.301215	0	25	10210	36 minutes 50 seconds
226	0.0	0.294838	0	23	10210	37 minutes 40 seconds
227	0.0	0.474448	0	19	10210	37 minutes 50 seconds
228	0.0	0.398134	0	12	10210	38 minutes 0 seconds
229	0.0	0.276177	0	20	10210	38 minutes 10 seconds
230	0.0	0.428523	0	28	10210	38 minutes 20 seconds
236	0.0	0.400579	0	23	10210	39 minutes 20 seconds
237	0.0	0.240615	0	23	10210	39 minutes 30 seconds
238	0.0	0.431112	0	24	10210	39 minutes 40 seconds
240	0.0	0.309675	0	26	10210	40 minutes 0 seconds
242	0.0	0.421464	0	27	10210	40 minutes 20 seconds
243	0.0	0.538101	0	25	10210	40 minutes 30 seconds
244	0.0	0.380729	0	18	10210	40 minutes 40 seconds
245	0.0	0.336008	0	17	10210	40 minutes 50 seconds
246	0.0	0.277574	0	20	10210	41 minutes 0 seconds
258	0.0	0.391905	0	26	10210	43 minutes 0 seconds
259	0.0	0.327911	0	21	10210	43 minutes 10 seconds
260	0.0	0.449341	0	20	10210	43 minutes 20 seconds
261	0.0	0.467486	0	22	10210	43 minutes 30 seconds
262	0.0	0.519795	0	17	10210	43 minutes 40 seconds
263	0.0	0.423315	0	19	10210	43 minutes 50 seconds
276	0.0	0.545676	0	26	10210	46 minutes 0 seconds
277	0.0	0.310705	0	23	10210	46 minutes 10 seconds
278	0.0	0.323947	0	22	10210	46 minutes 20 seconds
295	0.0	0.427663	0	29	10210	49 minutes 10 seconds
334	0.0	0.390303	0	28	10210	55 minutes 40 seconds
343	0.0	0.378203	0	29	10210	57 minutes 10 seconds
350	0.0	0.363973	0	25	10210	58 minutes 20 seconds
351	0.0	0.360719	0	21	10210	58 minutes 30 seconds
352	0.0	0.541336	0	26	10210	58 minutes 40 seconds
353	0.0	0.392391	0	29	10210	58 minutes 50 seconds
382	0.0	0.197989	0	20	10210	63 minutes 40 seconds
383	0.0	0.390911	0	27	10210	63 minutes 50 seconds
386	0.0	0.428793	0	26	10210	64 minutes 20 seconds
387	0.0	0.36344	0	22	10210	64 minutes 30 seconds
388	0.0	0.379447	0	21	10210	64 minutes 40 seconds
392	0.0	0.432574	0	27	10210	65 minutes 20 seconds
393	0.0	0.535668	0	22	10210	65 minutes 30 seconds
394	0.0	0.396842	0	20	10210	65 minutes 40 seconds
395	0.0	0.337192	0	16	10210	65 minutes 50 seconds
396	0.0	0.535623	0	21	10210	66 minutes 0 seconds
397	0.0	0.373642	0	27	10210	66 minutes 10 seconds
398	0.0	0.431997	0	22	10210	66 minutes 20 seconds
399	0.0	0.52984	0	18	10210	66 minutes 30 seconds
400	0.0	0.253091	0	12	10210	66 minutes 40 seconds
401	0.0	0.322546	0	13	10210	66 minutes 50 seconds
402	0.0	0.403951	0	22	10210	67 minutes 0 seconds
421	0.0	0.414417	0	28	10210	70 minutes 10 seconds
422	0.0	0.317795	0	26	10210	70 minutes 20 seconds
427	0.0	0.419459	0	28	10210	71 minutes 10 seconds
433	0.0	0.402363	0	29	10210	72 minutes 10 seconds
438	0.0	0.553165	0	24	10210	73 minutes 0 seconds
439	0.0	0.427203	0	19	10210	73 minutes 10 seconds
440	0.0	0.396175	0	16	10210	73 minutes 20 seconds
441	0.0	0.406794	0	18	10210	73 minutes 30 seconds
442	0.0	0.417102	0	15	10210	73 minutes 40 seconds
443	0.0	0.362124	0	18	10210	73 minutes 50 seconds
444	0.0	0.313326	0	17	10210	74 minutes 0 seconds
445	0.0	0.438266	0	18	10210	74 minutes 10 seconds
446	0.0	0.319632	0	16	10210	74 minutes 20 seconds
447	0.0	0.498566	0	19	10210	74 minutes 30 seconds
448	0.0	0.552258	0	19	10210	74 minutes 40 seconds
449	0.0	0.409954	0	15	10210	74 minutes 50 seconds
450	0.0	0.381066	0	13	10210	75 minutes 0 seconds
451	0.0	0.465937	0	8	10210	75 minutes 10 seconds
452	0.0	0.206959	0	10	10210	75 minutes 20 seconds
453	0.0	0.354968	0	9	10210	75 minutes 30 seconds
454	0.0	0.448165	0	28	10210	75 minutes 40 seconds
458	0.0	0.290497	0	26	10210	76 minutes 20 seconds
459	0.0	0.532066	0	28	10210	76 minutes 30 seconds
460	0.0	0.324341	0	26	10210	76 minutes 40 seconds
484	0.0	0.268748	0	29	10210	80 minutes 40 seconds
488	0.0	0.467816	0	19	10210	81 minutes 20 seconds
489	0.0	0.267623	0	14	10210	81 minutes 30 seconds
490	0.0	0.342731	0	27	10210	81 minutes 40 seconds
594	0.0	0.380115	0	20	10210	99 minutes 0 seconds
595	0.0	0.492785	0	19	10210	99 minutes 10 seconds
596	0.0	0.375147	0	15	10210	99 minutes 20 seconds
597	0.0	0.443773	0	17	10210	99 minutes 30 seconds
598	0.0	0.446606	0	17	10210	99 minutes 40 seconds
599	0.0	0.272393	0	13	10210	99 minutes 50 seconds
600	0.0	0.517063	0	16	10210	100 minutes 0 seconds
601	0.0	0.359713	0	17	10210	100 minutes 10 seconds
602	0.0	0.420469	0	19	10210	100 minutes 20 seconds
603	0.0	0.492472	0	15	10210	100 minutes 30 seconds
604	0.0	0.424221	0	11	10210	100 minutes 40 seconds
605	0.0	0.40767	0	7	10210	100 minutes 50 seconds
606	0.0	0.344631	0	7	10210	101 minutes 0 seconds
607	0.0	0.340012	0	12	10210	101 minutes 10 seconds
608	0.0	0.339996	0	14	10210	101 minutes 20 seconds
609	0.0	0.3559	0	21	10210	101 minutes 30 seconds
610	0.0	0.414101	0	24	10210	101 minutes 40 seconds
611	0.0	0.47058	0	29	10210	101 minutes 50 seconds
